 1.34866e-04 -1.34866e-04  4.04049e-06 -4.04049e-06  2.04258e-16 -2.04258e-16  6.31533e-15 -6.31533e-15 -4.13696e-02  4.13696e-02 -8.11612e-03  8.11612e-03 -2.45477e-12  2.45477e-12
-4.62025e-13  4.62025e-13  6.13529e-12 -6.13529e-12 -1.02149e-04  1.02149e-04  1.30260e-04 -1.30260e-04  1.27542e-09 -1.27542e-09  3.28422e-10 -3.28422e-10  2.82529e-02 -2.82529e-02
-5.04713e-05  5.04713e-05 -5.36973e-05  5.36973e-05 -1.59913e-15  1.59913e-15 -1.85207e-15  1.85207e-15  1.17067e-02 -1.17067e-02  1.74615e-02 -1.74615e-02  9.52440e-13 -9.52440e-13
-4.29772e-03  4.29772e-03  6.09304e-05 -6.09304e-05 -1.37834e-03  1.37834e-03 -4.08926e-03  4.08926e-03  9.57599e-02 -9.57599e-02  1.75513e-02 -1.75513e-02 -4.45089e-02  4.45089e-02
 4.29772e-03 -4.29772e-03 -6.09303e-05  6.09303e-05 -1.37834e-03  1.37834e-03 -4.08926e-03  4.08926e-03 -9.57599e-02  9.57599e-02 -1.75513e-02  1.75513e-02 -4.45089e-02  4.45089e-02
-8.33411e-05  8.33411e-05 -4.92081e-03  4.92081e-03  4.62696e-03 -4.62696e-03 -1.90298e-03  1.90298e-03 -2.03416e-02  2.03416e-02  9.59362e-02 -9.59362e-02 -4.87367e-02  4.87367e-02
 8.33411e-05 -8.33411e-05  4.92081e-03 -4.92081e-03  4.62696e-03 -4.62696e-03 -1.90298e-03  1.90298e-03  2.03416e-02 -2.03416e-02 -9.59362e-02  9.59362e-02 -4.87367e-02  4.87367e-02
-9.90599e-03  9.90599e-03 -2.32857e-04  2.32857e-04 -8.77877e-14  8.77877e-14 -4.24724e-14  4.24724e-14  1.77144e-02 -1.77144e-02 -1.62607e-02  1.62607e-02 -4.35884e-12  4.35884e-12
 7.10113e-11 -7.10113e-11 -2.15613e-10  2.15613e-10  5.92254e-03 -5.92254e-03 -1.28827e-02  1.28827e-02  2.06837e-09 -2.06837e-09  6.70951e-10 -6.70951e-10 -2.61455e-02  2.61455e-02
 3.74763e-03 -3.74763e-03  4.44758e-03 -4.44758e-03 -2.51260e-14  2.51260e-14 -7.38465e-15  7.38465e-15 -1.37515e-02  1.37515e-02  3.54859e-04 -3.54859e-04  9.01919e-13 -9.01919e-13
-1.50372e-09  1.50372e-09 -5.99075e-03  5.99075e-03  1.88805e-01 -1.88805e-01  0.00000e+00 -0.00000e+00 -8.58137e-09  8.58137e-09  4.90887e-02 -4.90887e-02 -2.49306e-03  2.49306e-03
 0.00000e+00 -0.00000e+00  5.99073e-03 -5.99073e-03  1.88805e-01 -1.88805e-01  6.50196e-11 -6.50196e-11  0.00000e+00 -0.00000e+00 -4.90887e-02  4.90887e-02 -2.49306e-03  2.49306e-03
 6.96747e-03 -6.96747e-03  0.00000e+00 -0.00000e+00 -5.76366e-11  5.76366e-11  2.09187e-01 -2.09187e-01 -6.00146e-02  6.00146e-02 -2.72179e-09  2.72179e-09 -8.78375e-12  8.78375e-12
-6.96747e-03  6.96747e-03 -1.68705e-08  1.68705e-08  0.00000e+00 -0.00000e+00  2.09187e-01 -2.09187e-01  6.00145e-02 -6.00145e-02  0.00000e+00 -0.00000e+00  0.00000e+00 -0.00000e+00