 1.64700e+03  3.16137e-11  2.09127e+03  6.39772e+00 -6.39772e+00 -6.34994e+00  6.34994e+00
 3.16137e-11  6.40585e+02 -1.70919e-13  4.80561e+00  4.80561e+00  4.65128e+00  4.65128e+00
 2.09127e+03 -1.70919e-13  5.60632e+03  1.27858e-01 -1.27858e-01 -1.76569e+01  1.76569e+01
 6.39772e+00  4.80561e+00  1.27858e-01  2.55998e+00  0.00000e+00  0.00000e+00  0.00000e+00
-6.39772e+00  4.80561e+00 -1.27858e-01  0.00000e+00  2.55998e+00  0.00000e+00  0.00000e+00
-6.34994e+00  4.65128e+00 -1.76569e+01  0.00000e+00  0.00000e+00  2.56000e+00  0.00000e+00
 6.34994e+00  4.65128e+00  1.76569e+01  0.00000e+00  0.00000e+00  0.00000e+00  2.56000e+00