 1.45865e+00 -1.45865e+00  1.41795e+00 -1.41795e+00  2.89722e+00 -2.89722e+00  8.53626e-01 -8.53626e-01 -2.00741e+00  2.00741e+00 -2.37335e+00  2.37335e+00 -2.14408e+00  2.14408e+00
-8.13943e-01  8.13943e-01  1.17357e+00 -1.17357e+00 -1.72316e+00  1.72316e+00  1.77316e+00 -1.77316e+00  8.58509e-01 -8.58509e-01  7.64446e-01 -7.64446e-01  1.25172e+00 -1.25172e+00
-1.67250e+00  1.67250e+00 -1.42836e+00  1.42836e+00 -2.34556e+00  2.34556e+00 -2.35478e+00  2.35478e+00  1.25916e+00 -1.25916e+00  1.00324e+00 -1.00324e+00  1.06880e+00 -1.06880e+00
-2.39474e+00  2.39474e+00  1.88623e+00 -1.88623e+00 -9.39404e-01  9.39404e-01 -2.33092e+00  2.33092e+00  1.06830e+00 -1.06830e+00  6.97258e-01 -6.97258e-01 -1.98940e+00  1.98940e+00
 7.46855e-01 -7.46855e-01 -1.25537e+00  1.25537e+00 -9.39404e-01  9.39404e-01 -2.33092e+00  2.33092e+00 -2.07329e+00  2.07329e+00 -2.44433e+00  2.44433e+00 -1.98940e+00  1.98940e+00
-1.54970e+00  1.54970e+00 -2.26617e+00  2.26617e+00  8.94277e-01 -8.94277e-01 -1.24842e+00  1.24842e+00 -2.41306e+00  2.41306e+00  1.00614e+00 -1.00614e+00 -1.98393e+00  1.98393e+00
 1.59190e+00 -1.59190e+00  8.75426e-01 -8.75426e-01  8.94277e-01 -8.94277e-01 -1.24842e+00  1.24842e+00  7.28531e-01 -7.28531e-01 -2.13546e+00  2.13546e+00 -1.98393e+00  1.98393e+00
-2.42980e+00  2.42980e+00 -2.59906e+00  2.59906e+00 -1.13880e+00  1.13880e+00 -3.09865e+00  3.09865e+00  6.58829e-02 -6.58829e-02 -2.37889e-01  2.37889e-01 -1.60129e-01  1.60129e-01
 1.58079e+00 -1.58079e+00 -2.84345e+00  2.84345e+00  5.24156e-01 -5.24156e-01 -2.17911e+00  2.17911e+00  2.93180e+00 -2.93180e+00  2.89990e+00 -2.89990e+00 -3.04754e+00  3.04754e+00
 7.22237e-01 -7.22237e-01  8.37806e-01 -8.37806e-01 -9.82115e-02  9.82115e-02 -2.39170e-02  2.39170e-02 -2.95073e+00  2.95073e+00  3.13869e+00 -3.13869e+00  3.05275e+00 -3.05275e+00
-2.12713e-09  2.12713e-09 -2.13079e+00  2.13079e+00  1.30791e+00 -1.30791e+00  0.00000e+00 -0.00000e+00 -3.14159e+00  3.14159e+00  2.83271e+00 -2.83271e+00 -5.46995e-03  5.46995e-03
 3.14159e+00 -3.14159e+00  1.01080e+00 -1.01080e+00  1.30791e+00 -1.30791e+00  9.76075e-11 -9.76075e-11  0.00000e+00 -0.00000e+00 -3.08879e-01  3.08879e-01 -5.46995e-03  5.46995e-03
 8.45042e-01 -8.45042e-01  0.00000e+00 -0.00000e+00 -3.14159e+00  3.14159e+00  1.08250e+00 -1.08250e+00 -3.39768e-01  3.39768e-01 -3.14159e+00  3.14159e+00 -1.76428e-11  1.76428e-11
-2.29655e+00  2.29655e+00 -3.14159e+00  3.14159e+00  3.14159e+00 -3.14159e+00  1.08250e+00 -1.08250e+00  2.80183e+00 -2.80183e+00  0.00000e+00 -0.00000e+00  0.00000e+00 -0.00000e+00