1.45865e+000 -1.45865e+000 1.41789e+000 -1.41789e+000 3.14064e+000 -3.14064e+000 9.14708e-001 -9.14708e-001 -2.00741e+000 2.00741e+000 -2.37330e+000 2.37330e+000 -2.16774e+000 2.16774e+000
-8.12365e-001 8.12365e-001 1.17546e+000 -1.17546e+000 -1.72316e+000 1.72316e+000 1.77316e+000 -1.77316e+000 8.58610e-001 -8.58610e-001 7.64150e-001 -7.64150e-001 1.25172e+000 -1.25172e+000
-1.67250e+000 1.67250e+000 -1.42836e+000 1.42836e+000 7.17065e-001 -7.17065e-001 -2.29104e+000 2.29104e+000 1.25916e+000 -1.25916e+000 1.00323e+000 -1.00323e+000 1.06428e+000 -1.06428e+000
-2.39474e+000 2.39474e+000 1.88623e+000 -1.88623e+000 -9.39404e-001 9.39404e-001 -2.33092e+000 2.33092e+000 1.06830e+000 -1.06830e+000 6.97306e-001 -6.97306e-001 -1.98940e+000 1.98940e+000
7.46855e-001 -7.46855e-001 -1.25537e+000 1.25537e+000 -9.39404e-001 9.39404e-001 -2.33092e+000 2.33092e+000 -2.07330e+000 2.07330e+000 -2.44429e+000 2.44429e+000 -1.98940e+000 1.98940e+000
-1.54970e+000 1.54970e+000 -2.26617e+000 2.26617e+000 8.94277e-001 -8.94277e-001 -1.24842e+000 1.24842e+000 -2.41306e+000 2.41306e+000 1.00614e+000 -1.00614e+000 -1.98393e+000 1.98393e+000
1.59190e+000 -1.59190e+000 8.75426e-001 -8.75426e-001 8.94277e-001 -8.94277e-001 -1.24842e+000 1.24842e+000 7.28534e-001 -7.28534e-001 -2.13546e+000 2.13546e+000 -1.98393e+000 1.98393e+000
-2.42980e+000 2.42980e+000 -2.59913e+000 2.59913e+000 -8.94958e-001 8.94958e-001 -3.03757e+000 3.03757e+000 6.58831e-002 -6.58831e-002 -2.37842e-001 2.37842e-001 -1.83830e-001 1.83830e-001
1.58237e+000 -1.58237e+000 -2.84155e+000 2.84155e+000 5.24156e-001 -5.24156e-001 -2.17911e+000 2.17911e+000 2.93191e+000 -2.93191e+000 2.89961e+000 -2.89961e+000 -3.04754e+000 3.04754e+000
7.22237e-001 -7.22237e-001 8.37804e-001 -8.37804e-001 2.96436e+000 -2.96436e+000 3.98904e-002 -3.98904e-002 -2.95073e+000 2.95073e+000 3.13869e+000 -3.13869e+000 3.04816e+000 -3.04816e+000
-2.13496e-009 2.13496e-009 -2.13079e+000 2.13079e+000 1.30791e+000 -1.30791e+000 0.00000e+000 -0.00000e+000 -3.14159e+000 3.14159e+000 2.83276e+000 -2.83276e+000 -5.46995e-003 5.46995e-003
3.14159e+000 -3.14159e+000 1.01080e+000 -1.01080e+000 1.30791e+000 -1.30791e+000 8.78118e-011 -8.78118e-011 0.00000e+000 -0.00000e+000 -3.08830e-001 3.08830e-001 -5.46995e-003 5.46995e-003
8.45040e-001 -8.45040e-001 0.00000e+000 -0.00000e+000 3.14159e+000 -3.14159e+000 1.08250e+000 -1.08250e+000 -3.39762e-001 3.39762e-001 -3.14159e+000 3.14159e+000 -2.18937e-011 2.18937e-011
-2.29655e+000 2.29655e+000 -3.14159e+000 3.14159e+000 -3.14159e+000 3.14159e+000 1.08250e+000 -1.08250e+000 2.80183e+000 -2.80183e+000 0.00000e+000 -0.00000e+000 0.00000e+000 -0.00000e+000