1.34866e-004 -1.34866e-004 4.04039e-006 -4.04039e-006 1.29550e-018 -1.29550e-018 6.46655e-015 -6.46655e-015 -4.13694e-002 4.13694e-002 -8.11823e-003 8.11823e-003 -2.41881e-012 2.41881e-012
-4.61129e-013 4.61129e-013 6.12447e-012 -6.12447e-012 -1.02149e-004 1.02149e-004 1.30260e-004 -1.30260e-004 1.27493e-009 -1.27493e-009 3.28308e-010 -3.28308e-010 2.82529e-002 -2.82529e-002
-5.04714e-005 5.04714e-005 -5.36973e-005 5.36973e-005 2.53748e-015 -2.53748e-015 -2.66607e-015 2.66607e-015 1.17065e-002 -1.17065e-002 1.74620e-002 -1.74620e-002 9.40812e-013 -9.40812e-013
-4.29772e-003 4.29772e-003 6.09441e-005 -6.09441e-005 -1.37834e-003 1.37834e-003 -4.08926e-003 4.08926e-003 9.57596e-002 -9.57596e-002 1.75561e-002 -1.75561e-002 -4.45089e-002 4.45089e-002
4.29772e-003 -4.29772e-003 -6.09440e-005 6.09440e-005 -1.37834e-003 1.37834e-003 -4.08926e-003 4.08926e-003 -9.57596e-002 9.57596e-002 -1.75561e-002 1.75561e-002 -4.45089e-002 4.45089e-002
-8.33411e-005 8.33411e-005 -4.92081e-003 4.92081e-003 4.62696e-003 -4.62696e-003 -1.90298e-003 1.90298e-003 -2.03424e-002 2.03424e-002 9.59347e-002 -9.59347e-002 -4.87367e-002 4.87367e-002
8.33411e-005 -8.33411e-005 4.92081e-003 -4.92081e-003 4.62696e-003 -4.62696e-003 -1.90298e-003 1.90298e-003 2.03424e-002 -2.03424e-002 -9.59347e-002 9.59347e-002 -4.87367e-002 4.87367e-002
-9.90599e-003 9.90599e-003 -2.32828e-004 2.32828e-004 -1.20937e-013 1.20937e-013 -1.00051e-013 1.00051e-013 1.77144e-002 -1.77144e-002 -1.62610e-002 1.62610e-002 -5.00175e-012 5.00175e-012
7.09782e-011 -7.09782e-011 -2.16385e-010 2.16385e-010 5.92254e-003 -5.92254e-003 -1.28827e-002 1.28827e-002 2.06640e-009 -2.06640e-009 6.71727e-010 -6.71727e-010 -2.61455e-002 2.61455e-002
3.74763e-003 -3.74763e-003 4.44757e-003 -4.44757e-003 7.79471e-014 -7.79471e-014 1.67004e-014 -1.67004e-014 -1.37516e-002 1.37516e-002 3.55034e-004 -3.55034e-004 9.39110e-013 -9.39110e-013
-1.50926e-009 1.50926e-009 -5.99212e-003 5.99212e-003 1.88805e-001 -1.88805e-001 0.00000e+000 -0.00000e+000 -8.57416e-009 8.57416e-009 4.90918e-002 -4.90918e-002 -2.49306e-003 2.49306e-003
0.00000e+000 -0.00000e+000 5.99210e-003 -5.99210e-003 1.88805e-001 -1.88805e-001 5.84944e-011 -5.84944e-011 0.00000e+000 -0.00000e+000 -4.90918e-002 4.90918e-002 -2.49306e-003 2.49306e-003
6.96745e-003 -6.96745e-003 0.00000e+000 -0.00000e+000 0.00000e+000 -0.00000e+000 2.09187e-001 -2.09187e-001 -6.00158e-002 6.00158e-002 -2.72510e-009 2.72510e-009 -1.09001e-011 1.09001e-011
-6.96745e-003 6.96745e-003 -1.66977e-008 1.66977e-008 -8.15647e-011 8.15647e-011 2.09187e-001 -2.09187e-001 6.00158e-002 -6.00158e-002 0.00000e+000 -0.00000e+000 0.00000e+000 -0.00000e+000