1.64700e+003 3.15923e-011 2.09127e+003 6.39772e+000 -6.39772e+000 -6.34994e+000 6.34994e+000
3.15923e-011 6.40585e+002 -1.70974e-013 4.80561e+000 4.80561e+000 4.65128e+000 4.65128e+000
2.09127e+003 -1.70974e-013 5.60632e+003 1.27858e-001 -1.27858e-001 -1.76569e+001 1.76569e+001
6.39772e+000 4.80561e+000 1.27858e-001 2.55998e+000 0.00000e+000 0.00000e+000 0.00000e+000
-6.39772e+000 4.80561e+000 -1.27858e-001 0.00000e+000 2.55998e+000 0.00000e+000 0.00000e+000
-6.34994e+000 4.65128e+000 -1.76569e+001 0.00000e+000 0.00000e+000 2.56000e+000 0.00000e+000
6.34994e+000 4.65128e+000 1.76569e+001 0.00000e+000 0.00000e+000 0.00000e+000 2.56000e+000